nb_data_points nb_test_data_points input_dim teacher_size student_size output_dim init_range batch_size nb_AH_layer2 nb_AH_layer1 nb_epochs learning_rate feedback_scale nb_init nonlinearity modification_type initialization_type
250 100 2 217 217 1 1 250 0 0 100000 0.1 1 20 lin col uniform
250 100 2 217 217 1 1 250 10 0 100000 0.1 1 20 lin col uniform
250 100 2 217 217 1 1 250 21 0 100000 0.1 1 20 lin col uniform
250 100 2 217 217 1 1 250 32 0 100000 0.1 1 20 lin col uniform
250 100 2 217 217 1 1 250 43 0 100000 0.1 1 20 lin col uniform
250 100 2 217 217 1 1 250 54 0 100000 0.1 1 20 lin col uniform
250 100 2 217 217 1 1 250 65 0 100000 0.1 1 20 lin col uniform
250 100 2 217 217 1 1 250 75 0 100000 0.1 1 20 lin col uniform
250 100 2 217 217 1 1 250 86 0 100000 0.1 1 20 lin col uniform
250 100 2 217 217 1 1 250 97 0 100000 0.1 1 20 lin col uniform
250 100 2 217 217 1 1 250 108 0 100000 0.1 1 20 lin col uniform
250 100 2 217 217 1 1 250 119 0 100000 0.1 1 20 lin col uniform
250 100 2 217 217 1 1 250 130 0 100000 0.1 1 20 lin col uniform
250 100 2 217 217 1 1 250 141 0 100000 0.1 1 20 lin col uniform
250 100 2 217 217 1 1 250 151 0 100000 0.1 1 20 lin col uniform
250 100 2 217 217 1 1 250 162 0 100000 0.1 1 20 lin col uniform
250 100 2 217 217 1 1 250 173 0 100000 0.1 1 20 lin col uniform
250 100 2 217 217 1 1 250 184 0 100000 0.1 1 20 lin col uniform
250 100 2 217 217 1 1 250 195 0 100000 0.1 1 20 lin col uniform
250 100 2 217 217 1 1 250 206 0 100000 0.1 1 20 lin col uniform
250 100 2 217 217 1 1 250 217 0 100000 0.1 1 20 lin col uniform
250 100 3 216 216 1 1 250 0 0 100000 0.1 1 20 lin col uniform
250 100 3 216 216 1 1 250 10 0 100000 0.1 1 20 lin col uniform
250 100 3 216 216 1 1 250 21 0 100000 0.1 1 20 lin col uniform
250 100 3 216 216 1 1 250 32 0 100000 0.1 1 20 lin col uniform
250 100 3 216 216 1 1 250 43 0 100000 0.1 1 20 lin col uniform
250 100 3 216 216 1 1 250 54 0 100000 0.1 1 20 lin col uniform
250 100 3 216 216 1 1 250 64 0 100000 0.1 1 20 lin col uniform
250 100 3 216 216 1 1 250 75 0 100000 0.1 1 20 lin col uniform
250 100 3 216 216 1 1 250 86 0 100000 0.1 1 20 lin col uniform
250 100 3 216 216 1 1 250 97 0 100000 0.1 1 20 lin col uniform
250 100 3 216 216 1 1 250 108 0 100000 0.1 1 20 lin col uniform
250 100 3 216 216 1 1 250 118 0 100000 0.1 1 20 lin col uniform
250 100 3 216 216 1 1 250 129 0 100000 0.1 1 20 lin col uniform
250 100 3 216 216 1 1 250 140 0 100000 0.1 1 20 lin col uniform
250 100 3 216 216 1 1 250 151 0 100000 0.1 1 20 lin col uniform
250 100 3 216 216 1 1 250 162 0 100000 0.1 1 20 lin col uniform
250 100 3 216 216 1 1 250 172 0 100000 0.1 1 20 lin col uniform
250 100 3 216 216 1 1 250 183 0 100000 0.1 1 20 lin col uniform
250 100 3 216 216 1 1 250 194 0 100000 0.1 1 20 lin col uniform
250 100 3 216 216 1 1 250 205 0 100000 0.1 1 20 lin col uniform
250 100 3 216 216 1 1 250 216 0 100000 0.1 1 20 lin col uniform
250 100 4 215 215 1 1 250 0 0 100000 0.1 1 20 lin col uniform
250 100 4 215 215 1 1 250 10 0 100000 0.1 1 20 lin col uniform
250 100 4 215 215 1 1 250 21 0 100000 0.1 1 20 lin col uniform
250 100 4 215 215 1 1 250 32 0 100000 0.1 1 20 lin col uniform
250 100 4 215 215 1 1 250 43 0 100000 0.1 1 20 lin col uniform
250 100 4 215 215 1 1 250 53 0 100000 0.1 1 20 lin col uniform
250 100 4 215 215 1 1 250 64 0 100000 0.1 1 20 lin col uniform
250 100 4 215 215 1 1 250 75 0 100000 0.1 1 20 lin col uniform
250 100 4 215 215 1 1 250 86 0 100000 0.1 1 20 lin col uniform
250 100 4 215 215 1 1 250 96 0 100000 0.1 1 20 lin col uniform
250 100 4 215 215 1 1 250 107 0 100000 0.1 1 20 lin col uniform
250 100 4 215 215 1 1 250 118 0 100000 0.1 1 20 lin col uniform
250 100 4 215 215 1 1 250 129 0 100000 0.1 1 20 lin col uniform
250 100 4 215 215 1 1 250 139 0 100000 0.1 1 20 lin col uniform
250 100 4 215 215 1 1 250 150 0 100000 0.1 1 20 lin col uniform
250 100 4 215 215 1 1 250 161 0 100000 0.1 1 20 lin col uniform
250 100 4 215 215 1 1 250 172 0 100000 0.1 1 20 lin col uniform
250 100 4 215 215 1 1 250 182 0 100000 0.1 1 20 lin col uniform
250 100 4 215 215 1 1 250 193 0 100000 0.1 1 20 lin col uniform
250 100 4 215 215 1 1 250 204 0 100000 0.1 1 20 lin col uniform
250 100 4 215 215 1 1 250 215 0 100000 0.1 1 20 lin col uniform
250 100 6 213 213 1 1 250 0 0 100000 0.1 1 20 lin col uniform
250 100 6 213 213 1 1 250 10 0 100000 0.1 1 20 lin col uniform
250 100 6 213 213 1 1 250 21 0 100000 0.1 1 20 lin col uniform
250 100 6 213 213 1 1 250 31 0 100000 0.1 1 20 lin col uniform
250 100 6 213 213 1 1 250 42 0 100000 0.1 1 20 lin col uniform
250 100 6 213 213 1 1 250 53 0 100000 0.1 1 20 lin col uniform
250 100 6 213 213 1 1 250 63 0 100000 0.1 1 20 lin col uniform
250 100 6 213 213 1 1 250 74 0 100000 0.1 1 20 lin col uniform
250 100 6 213 213 1 1 250 85 0 100000 0.1 1 20 lin col uniform
250 100 6 213 213 1 1 250 95 0 100000 0.1 1 20 lin col uniform
250 100 6 213 213 1 1 250 106 0 100000 0.1 1 20 lin col uniform
250 100 6 213 213 1 1 250 117 0 100000 0.1 1 20 lin col uniform
250 100 6 213 213 1 1 250 127 0 100000 0.1 1 20 lin col uniform
250 100 6 213 213 1 1 250 138 0 100000 0.1 1 20 lin col uniform
250 100 6 213 213 1 1 250 149 0 100000 0.1 1 20 lin col uniform
250 100 6 213 213 1 1 250 159 0 100000 0.1 1 20 lin col uniform
250 100 6 213 213 1 1 250 170 0 100000 0.1 1 20 lin col uniform
250 100 6 213 213 1 1 250 181 0 100000 0.1 1 20 lin col uniform
250 100 6 213 213 1 1 250 191 0 100000 0.1 1 20 lin col uniform
250 100 6 213 213 1 1 250 202 0 100000 0.1 1 20 lin col uniform
250 100 6 213 213 1 1 250 213 0 100000 0.1 1 20 lin col uniform
250 100 9 210 210 1 1 250 0 0 100000 0.1 1 20 lin col uniform
250 100 9 210 210 1 1 250 10 0 100000 0.1 1 20 lin col uniform
250 100 9 210 210 1 1 250 21 0 100000 0.1 1 20 lin col uniform
250 100 9 210 210 1 1 250 31 0 100000 0.1 1 20 lin col uniform
250 100 9 210 210 1 1 250 42 0 100000 0.1 1 20 lin col uniform
250 100 9 210 210 1 1 250 52 0 100000 0.1 1 20 lin col uniform
250 100 9 210 210 1 1 250 63 0 100000 0.1 1 20 lin col uniform
250 100 9 210 210 1 1 250 73 0 100000 0.1 1 20 lin col uniform
250 100 9 210 210 1 1 250 84 0 100000 0.1 1 20 lin col uniform
250 100 9 210 210 1 1 250 94 0 100000 0.1 1 20 lin col uniform
250 100 9 210 210 1 1 250 105 0 100000 0.1 1 20 lin col uniform
250 100 9 210 210 1 1 250 115 0 100000 0.1 1 20 lin col uniform
250 100 9 210 210 1 1 250 126 0 100000 0.1 1 20 lin col uniform
250 100 9 210 210 1 1 250 136 0 100000 0.1 1 20 lin col uniform
250 100 9 210 210 1 1 250 147 0 100000 0.1 1 20 lin col uniform
250 100 9 210 210 1 1 250 157 0 100000 0.1 1 20 lin col uniform
250 100 9 210 210 1 1 250 168 0 100000 0.1 1 20 lin col uniform
250 100 9 210 210 1 1 250 178 0 100000 0.1 1 20 lin col uniform
250 100 9 210 210 1 1 250 189 0 100000 0.1 1 20 lin col uniform
250 100 9 210 210 1 1 250 199 0 100000 0.1 1 20 lin col uniform
250 100 9 210 210 1 1 250 210 0 100000 0.1 1 20 lin col uniform
250 100 12 207 207 1 1 250 0 0 100000 0.1 1 20 lin col uniform
250 100 12 207 207 1 1 250 10 0 100000 0.1 1 20 lin col uniform
250 100 12 207 207 1 1 250 20 0 100000 0.1 1 20 lin col uniform
250 100 12 207 207 1 1 250 31 0 100000 0.1 1 20 lin col uniform
250 100 12 207 207 1 1 250 41 0 100000 0.1 1 20 lin col uniform
250 100 12 207 207 1 1 250 51 0 100000 0.1 1 20 lin col uniform
250 100 12 207 207 1 1 250 62 0 100000 0.1 1 20 lin col uniform
250 100 12 207 207 1 1 250 72 0 100000 0.1 1 20 lin col uniform
250 100 12 207 207 1 1 250 82 0 100000 0.1 1 20 lin col uniform
250 100 12 207 207 1 1 250 93 0 100000 0.1 1 20 lin col uniform
250 100 12 207 207 1 1 250 103 0 100000 0.1 1 20 lin col uniform
250 100 12 207 207 1 1 250 113 0 100000 0.1 1 20 lin col uniform
250 100 12 207 207 1 1 250 124 0 100000 0.1 1 20 lin col uniform
250 100 12 207 207 1 1 250 134 0 100000 0.1 1 20 lin col uniform
250 100 12 207 207 1 1 250 144 0 100000 0.1 1 20 lin col uniform
250 100 12 207 207 1 1 250 155 0 100000 0.1 1 20 lin col uniform
250 100 12 207 207 1 1 250 165 0 100000 0.1 1 20 lin col uniform
250 100 12 207 207 1 1 250 175 0 100000 0.1 1 20 lin col uniform
250 100 12 207 207 1 1 250 186 0 100000 0.1 1 20 lin col uniform
250 100 12 207 207 1 1 250 196 0 100000 0.1 1 20 lin col uniform
250 100 12 207 207 1 1 250 207 0 100000 0.1 1 20 lin col uniform
250 100 17 202 202 1 1 250 0 0 100000 0.1 1 20 lin col uniform
250 100 17 202 202 1 1 250 10 0 100000 0.1 1 20 lin col uniform
250 100 17 202 202 1 1 250 20 0 100000 0.1 1 20 lin col uniform
250 100 17 202 202 1 1 250 30 0 100000 0.1 1 20 lin col uniform
250 100 17 202 202 1 1 250 40 0 100000 0.1 1 20 lin col uniform
250 100 17 202 202 1 1 250 50 0 100000 0.1 1 20 lin col uniform
250 100 17 202 202 1 1 250 60 0 100000 0.1 1 20 lin col uniform
250 100 17 202 202 1 1 250 70 0 100000 0.1 1 20 lin col uniform
250 100 17 202 202 1 1 250 80 0 100000 0.1 1 20 lin col uniform
250 100 17 202 202 1 1 250 90 0 100000 0.1 1 20 lin col uniform
250 100 17 202 202 1 1 250 101 0 100000 0.1 1 20 lin col uniform
250 100 17 202 202 1 1 250 111 0 100000 0.1 1 20 lin col uniform
250 100 17 202 202 1 1 250 121 0 100000 0.1 1 20 lin col uniform
250 100 17 202 202 1 1 250 131 0 100000 0.1 1 20 lin col uniform
250 100 17 202 202 1 1 250 141 0 100000 0.1 1 20 lin col uniform
250 100 17 202 202 1 1 250 151 0 100000 0.1 1 20 lin col uniform
250 100 17 202 202 1 1 250 161 0 100000 0.1 1 20 lin col uniform
250 100 17 202 202 1 1 250 171 0 100000 0.1 1 20 lin col uniform
250 100 17 202 202 1 1 250 181 0 100000 0.1 1 20 lin col uniform
250 100 17 202 202 1 1 250 191 0 100000 0.1 1 20 lin col uniform
250 100 17 202 202 1 1 250 202 0 100000 0.1 1 20 lin col uniform
250 100 24 195 195 1 1 250 0 0 100000 0.1 1 20 lin col uniform
250 100 24 195 195 1 1 250 9 0 100000 0.1 1 20 lin col uniform
250 100 24 195 195 1 1 250 19 0 100000 0.1 1 20 lin col uniform
250 100 24 195 195 1 1 250 29 0 100000 0.1 1 20 lin col uniform
250 100 24 195 195 1 1 250 39 0 100000 0.1 1 20 lin col uniform
250 100 24 195 195 1 1 250 48 0 100000 0.1 1 20 lin col uniform
250 100 24 195 195 1 1 250 58 0 100000 0.1 1 20 lin col uniform
250 100 24 195 195 1 1 250 68 0 100000 0.1 1 20 lin col uniform
250 100 24 195 195 1 1 250 78 0 100000 0.1 1 20 lin col uniform
250 100 24 195 195 1 1 250 87 0 100000 0.1 1 20 lin col uniform
250 100 24 195 195 1 1 250 97 0 100000 0.1 1 20 lin col uniform
250 100 24 195 195 1 1 250 107 0 100000 0.1 1 20 lin col uniform
250 100 24 195 195 1 1 250 117 0 100000 0.1 1 20 lin col uniform
250 100 24 195 195 1 1 250 126 0 100000 0.1 1 20 lin col uniform
250 100 24 195 195 1 1 250 136 0 100000 0.1 1 20 lin col uniform
250 100 24 195 195 1 1 250 146 0 100000 0.1 1 20 lin col uniform
250 100 24 195 195 1 1 250 156 0 100000 0.1 1 20 lin col uniform
250 100 24 195 195 1 1 250 165 0 100000 0.1 1 20 lin col uniform
250 100 24 195 195 1 1 250 175 0 100000 0.1 1 20 lin col uniform
250 100 24 195 195 1 1 250 185 0 100000 0.1 1 20 lin col uniform
250 100 24 195 195 1 1 250 195 0 100000 0.1 1 20 lin col uniform
250 100 34 185 185 1 1 250 0 0 100000 0.1 1 20 lin col uniform
250 100 34 185 185 1 1 250 9 0 100000 0.1 1 20 lin col uniform
250 100 34 185 185 1 1 250 18 0 100000 0.1 1 20 lin col uniform
250 100 34 185 185 1 1 250 27 0 100000 0.1 1 20 lin col uniform
250 100 34 185 185 1 1 250 37 0 100000 0.1 1 20 lin col uniform
250 100 34 185 185 1 1 250 46 0 100000 0.1 1 20 lin col uniform
250 100 34 185 185 1 1 250 55 0 100000 0.1 1 20 lin col uniform
250 100 34 185 185 1 1 250 64 0 100000 0.1 1 20 lin col uniform
250 100 34 185 185 1 1 250 74 0 100000 0.1 1 20 lin col uniform
250 100 34 185 185 1 1 250 83 0 100000 0.1 1 20 lin col uniform
250 100 34 185 185 1 1 250 92 0 100000 0.1 1 20 lin col uniform
250 100 34 185 185 1 1 250 101 0 100000 0.1 1 20 lin col uniform
250 100 34 185 185 1 1 250 111 0 100000 0.1 1 20 lin col uniform
250 100 34 185 185 1 1 250 120 0 100000 0.1 1 20 lin col uniform
250 100 34 185 185 1 1 250 129 0 100000 0.1 1 20 lin col uniform
250 100 34 185 185 1 1 250 138 0 100000 0.1 1 20 lin col uniform
250 100 34 185 185 1 1 250 148 0 100000 0.1 1 20 lin col uniform
250 100 34 185 185 1 1 250 157 0 100000 0.1 1 20 lin col uniform
250 100 34 185 185 1 1 250 166 0 100000 0.1 1 20 lin col uniform
250 100 34 185 185 1 1 250 175 0 100000 0.1 1 20 lin col uniform
250 100 34 185 185 1 1 250 185 0 100000 0.1 1 20 lin col uniform
250 100 45 174 174 1 1 250 0 0 100000 0.1 1 20 lin col uniform
250 100 45 174 174 1 1 250 8 0 100000 0.1 1 20 lin col uniform
250 100 45 174 174 1 1 250 17 0 100000 0.1 1 20 lin col uniform
250 100 45 174 174 1 1 250 26 0 100000 0.1 1 20 lin col uniform
250 100 45 174 174 1 1 250 34 0 100000 0.1 1 20 lin col uniform
250 100 45 174 174 1 1 250 43 0 100000 0.1 1 20 lin col uniform
250 100 45 174 174 1 1 250 52 0 100000 0.1 1 20 lin col uniform
250 100 45 174 174 1 1 250 60 0 100000 0.1 1 20 lin col uniform
250 100 45 174 174 1 1 250 69 0 100000 0.1 1 20 lin col uniform
250 100 45 174 174 1 1 250 78 0 100000 0.1 1 20 lin col uniform
250 100 45 174 174 1 1 250 87 0 100000 0.1 1 20 lin col uniform
250 100 45 174 174 1 1 250 95 0 100000 0.1 1 20 lin col uniform
250 100 45 174 174 1 1 250 104 0 100000 0.1 1 20 lin col uniform
250 100 45 174 174 1 1 250 113 0 100000 0.1 1 20 lin col uniform
250 100 45 174 174 1 1 250 121 0 100000 0.1 1 20 lin col uniform
250 100 45 174 174 1 1 250 130 0 100000 0.1 1 20 lin col uniform
250 100 45 174 174 1 1 250 139 0 100000 0.1 1 20 lin col uniform
250 100 45 174 174 1 1 250 147 0 100000 0.1 1 20 lin col uniform
250 100 45 174 174 1 1 250 156 0 100000 0.1 1 20 lin col uniform
250 100 45 174 174 1 1 250 165 0 100000 0.1 1 20 lin col uniform
250 100 45 174 174 1 1 250 174 0 100000 0.1 1 20 lin col uniform
250 100 60 159 159 1 1 250 0 0 100000 0.1 1 20 lin col uniform
250 100 60 159 159 1 1 250 7 0 100000 0.1 1 20 lin col uniform
250 100 60 159 159 1 1 250 15 0 100000 0.1 1 20 lin col uniform
250 100 60 159 159 1 1 250 23 0 100000 0.1 1 20 lin col uniform
250 100 60 159 159 1 1 250 31 0 100000 0.1 1 20 lin col uniform
250 100 60 159 159 1 1 250 39 0 100000 0.1 1 20 lin col uniform
250 100 60 159 159 1 1 250 47 0 100000 0.1 1 20 lin col uniform
250 100 60 159 159 1 1 250 55 0 100000 0.1 1 20 lin col uniform
250 100 60 159 159 1 1 250 63 0 100000 0.1 1 20 lin col uniform
250 100 60 159 159 1 1 250 71 0 100000 0.1 1 20 lin col uniform
250 100 60 159 159 1 1 250 79 0 100000 0.1 1 20 lin col uniform
250 100 60 159 159 1 1 250 87 0 100000 0.1 1 20 lin col uniform
250 100 60 159 159 1 1 250 95 0 100000 0.1 1 20 lin col uniform
250 100 60 159 159 1 1 250 103 0 100000 0.1 1 20 lin col uniform
250 100 60 159 159 1 1 250 111 0 100000 0.1 1 20 lin col uniform
250 100 60 159 159 1 1 250 119 0 100000 0.1 1 20 lin col uniform
250 100 60 159 159 1 1 250 127 0 100000 0.1 1 20 lin col uniform
250 100 60 159 159 1 1 250 135 0 100000 0.1 1 20 lin col uniform
250 100 60 159 159 1 1 250 143 0 100000 0.1 1 20 lin col uniform
250 100 60 159 159 1 1 250 151 0 100000 0.1 1 20 lin col uniform
250 100 60 159 159 1 1 250 159 0 100000 0.1 1 20 lin col uniform
250 100 77 142 142 1 1 250 0 0 100000 0.1 1 20 lin col uniform
250 100 77 142 142 1 1 250 7 0 100000 0.1 1 20 lin col uniform
250 100 77 142 142 1 1 250 14 0 100000 0.1 1 20 lin col uniform
250 100 77 142 142 1 1 250 21 0 100000 0.1 1 20 lin col uniform
250 100 77 142 142 1 1 250 28 0 100000 0.1 1 20 lin col uniform
250 100 77 142 142 1 1 250 35 0 100000 0.1 1 20 lin col uniform
250 100 77 142 142 1 1 250 42 0 100000 0.1 1 20 lin col uniform
250 100 77 142 142 1 1 250 49 0 100000 0.1 1 20 lin col uniform
250 100 77 142 142 1 1 250 56 0 100000 0.1 1 20 lin col uniform
250 100 77 142 142 1 1 250 63 0 100000 0.1 1 20 lin col uniform
250 100 77 142 142 1 1 250 71 0 100000 0.1 1 20 lin col uniform
250 100 77 142 142 1 1 250 78 0 100000 0.1 1 20 lin col uniform
250 100 77 142 142 1 1 250 85 0 100000 0.1 1 20 lin col uniform
250 100 77 142 142 1 1 250 92 0 100000 0.1 1 20 lin col uniform
250 100 77 142 142 1 1 250 99 0 100000 0.1 1 20 lin col uniform
250 100 77 142 142 1 1 250 106 0 100000 0.1 1 20 lin col uniform
250 100 77 142 142 1 1 250 113 0 100000 0.1 1 20 lin col uniform
250 100 77 142 142 1 1 250 120 0 100000 0.1 1 20 lin col uniform
250 100 77 142 142 1 1 250 127 0 100000 0.1 1 20 lin col uniform
250 100 77 142 142 1 1 250 134 0 100000 0.1 1 20 lin col uniform
250 100 77 142 142 1 1 250 142 0 100000 0.1 1 20 lin col uniform
250 100 96 123 123 1 1 250 0 0 100000 0.1 1 20 lin col uniform
250 100 96 123 123 1 1 250 6 0 100000 0.1 1 20 lin col uniform
250 100 96 123 123 1 1 250 12 0 100000 0.1 1 20 lin col uniform
250 100 96 123 123 1 1 250 18 0 100000 0.1 1 20 lin col uniform
250 100 96 123 123 1 1 250 24 0 100000 0.1 1 20 lin col uniform
250 100 96 123 123 1 1 250 30 0 100000 0.1 1 20 lin col uniform
250 100 96 123 123 1 1 250 36 0 100000 0.1 1 20 lin col uniform
250 100 96 123 123 1 1 250 43 0 100000 0.1 1 20 lin col uniform
250 100 96 123 123 1 1 250 49 0 100000 0.1 1 20 lin col uniform
250 100 96 123 123 1 1 250 55 0 100000 0.1 1 20 lin col uniform
250 100 96 123 123 1 1 250 61 0 100000 0.1 1 20 lin col uniform
250 100 96 123 123 1 1 250 67 0 100000 0.1 1 20 lin col uniform
250 100 96 123 123 1 1 250 73 0 100000 0.1 1 20 lin col uniform
250 100 96 123 123 1 1 250 79 0 100000 0.1 1 20 lin col uniform
250 100 96 123 123 1 1 250 86 0 100000 0.1 1 20 lin col uniform
250 100 96 123 123 1 1 250 92 0 100000 0.1 1 20 lin col uniform
250 100 96 123 123 1 1 250 98 0 100000 0.1 1 20 lin col uniform
250 100 96 123 123 1 1 250 104 0 100000 0.1 1 20 lin col uniform
250 100 96 123 123 1 1 250 110 0 100000 0.1 1 20 lin col uniform
250 100 96 123 123 1 1 250 116 0 100000 0.1 1 20 lin col uniform
250 100 96 123 123 1 1 250 123 0 100000 0.1 1 20 lin col uniform
250 100 116 103 103 1 1 250 0 0 100000 0.1 1 20 lin col uniform
250 100 116 103 103 1 1 250 5 0 100000 0.1 1 20 lin col uniform
250 100 116 103 103 1 1 250 10 0 100000 0.1 1 20 lin col uniform
250 100 116 103 103 1 1 250 15 0 100000 0.1 1 20 lin col uniform
250 100 116 103 103 1 1 250 20 0 100000 0.1 1 20 lin col uniform
250 100 116 103 103 1 1 250 25 0 100000 0.1 1 20 lin col uniform
250 100 116 103 103 1 1 250 30 0 100000 0.1 1 20 lin col uniform
250 100 116 103 103 1 1 250 36 0 100000 0.1 1 20 lin col uniform
250 100 116 103 103 1 1 250 41 0 100000 0.1 1 20 lin col uniform
250 100 116 103 103 1 1 250 46 0 100000 0.1 1 20 lin col uniform
250 100 116 103 103 1 1 250 51 0 100000 0.1 1 20 lin col uniform
250 100 116 103 103 1 1 250 56 0 100000 0.1 1 20 lin col uniform
250 100 116 103 103 1 1 250 61 0 100000 0.1 1 20 lin col uniform
250 100 116 103 103 1 1 250 66 0 100000 0.1 1 20 lin col uniform
250 100 116 103 103 1 1 250 72 0 100000 0.1 1 20 lin col uniform
250 100 116 103 103 1 1 250 77 0 100000 0.1 1 20 lin col uniform
250 100 116 103 103 1 1 250 82 0 100000 0.1 1 20 lin col uniform
250 100 116 103 103 1 1 250 87 0 100000 0.1 1 20 lin col uniform
250 100 116 103 103 1 1 250 92 0 100000 0.1 1 20 lin col uniform
250 100 116 103 103 1 1 250 97 0 100000 0.1 1 20 lin col uniform
250 100 116 103 103 1 1 250 103 0 100000 0.1 1 20 lin col uniform
250 100 136 83 83 1 1 250 0 0 100000 0.1 1 20 lin col uniform
250 100 136 83 83 1 1 250 4 0 100000 0.1 1 20 lin col uniform
250 100 136 83 83 1 1 250 8 0 100000 0.1 1 20 lin col uniform
250 100 136 83 83 1 1 250 12 0 100000 0.1 1 20 lin col uniform
250 100 136 83 83 1 1 250 16 0 100000 0.1 1 20 lin col uniform
250 100 136 83 83 1 1 250 20 0 100000 0.1 1 20 lin col uniform
250 100 136 83 83 1 1 250 24 0 100000 0.1 1 20 lin col uniform
250 100 136 83 83 1 1 250 29 0 100000 0.1 1 20 lin col uniform
250 100 136 83 83 1 1 250 33 0 100000 0.1 1 20 lin col uniform
250 100 136 83 83 1 1 250 37 0 100000 0.1 1 20 lin col uniform
250 100 136 83 83 1 1 250 41 0 100000 0.1 1 20 lin col uniform
250 100 136 83 83 1 1 250 45 0 100000 0.1 1 20 lin col uniform
250 100 136 83 83 1 1 250 49 0 100000 0.1 1 20 lin col uniform
250 100 136 83 83 1 1 250 53 0 100000 0.1 1 20 lin col uniform
250 100 136 83 83 1 1 250 58 0 100000 0.1 1 20 lin col uniform
250 100 136 83 83 1 1 250 62 0 100000 0.1 1 20 lin col uniform
250 100 136 83 83 1 1 250 66 0 100000 0.1 1 20 lin col uniform
250 100 136 83 83 1 1 250 70 0 100000 0.1 1 20 lin col uniform
250 100 136 83 83 1 1 250 74 0 100000 0.1 1 20 lin col uniform
250 100 136 83 83 1 1 250 78 0 100000 0.1 1 20 lin col uniform
250 100 136 83 83 1 1 250 83 0 100000 0.1 1 20 lin col uniform
250 100 154 65 65 1 1 250 0 0 100000 0.1 1 20 lin col uniform
250 100 154 65 65 1 1 250 3 0 100000 0.1 1 20 lin col uniform
250 100 154 65 65 1 1 250 6 0 100000 0.1 1 20 lin col uniform
250 100 154 65 65 1 1 250 9 0 100000 0.1 1 20 lin col uniform
250 100 154 65 65 1 1 250 13 0 100000 0.1 1 20 lin col uniform
250 100 154 65 65 1 1 250 16 0 100000 0.1 1 20 lin col uniform
250 100 154 65 65 1 1 250 19 0 100000 0.1 1 20 lin col uniform
250 100 154 65 65 1 1 250 22 0 100000 0.1 1 20 lin col uniform
250 100 154 65 65 1 1 250 26 0 100000 0.1 1 20 lin col uniform
250 100 154 65 65 1 1 250 29 0 100000 0.1 1 20 lin col uniform
250 100 154 65 65 1 1 250 32 0 100000 0.1 1 20 lin col uniform
250 100 154 65 65 1 1 250 35 0 100000 0.1 1 20 lin col uniform
250 100 154 65 65 1 1 250 39 0 100000 0.1 1 20 lin col uniform
250 100 154 65 65 1 1 250 42 0 100000 0.1 1 20 lin col uniform
250 100 154 65 65 1 1 250 45 0 100000 0.1 1 20 lin col uniform
250 100 154 65 65 1 1 250 48 0 100000 0.1 1 20 lin col uniform
250 100 154 65 65 1 1 250 52 0 100000 0.1 1 20 lin col uniform
250 100 154 65 65 1 1 250 55 0 100000 0.1 1 20 lin col uniform
250 100 154 65 65 1 1 250 58 0 100000 0.1 1 20 lin col uniform
250 100 154 65 65 1 1 250 61 0 100000 0.1 1 20 lin col uniform
250 100 154 65 65 1 1 250 65 0 100000 0.1 1 20 lin col uniform
250 100 169 50 50 1 1 250 0 0 100000 0.1 1 20 lin col uniform
250 100 169 50 50 1 1 250 2 0 100000 0.1 1 20 lin col uniform
250 100 169 50 50 1 1 250 5 0 100000 0.1 1 20 lin col uniform
250 100 169 50 50 1 1 250 7 0 100000 0.1 1 20 lin col uniform
250 100 169 50 50 1 1 250 10 0 100000 0.1 1 20 lin col uniform
250 100 169 50 50 1 1 250 12 0 100000 0.1 1 20 lin col uniform
250 100 169 50 50 1 1 250 15 0 100000 0.1 1 20 lin col uniform
250 100 169 50 50 1 1 250 17 0 100000 0.1 1 20 lin col uniform
250 100 169 50 50 1 1 250 20 0 100000 0.1 1 20 lin col uniform
250 100 169 50 50 1 1 250 22 0 100000 0.1 1 20 lin col uniform
250 100 169 50 50 1 1 250 25 0 100000 0.1 1 20 lin col uniform
250 100 169 50 50 1 1 250 27 0 100000 0.1 1 20 lin col uniform
250 100 169 50 50 1 1 250 30 0 100000 0.1 1 20 lin col uniform
250 100 169 50 50 1 1 250 32 0 100000 0.1 1 20 lin col uniform
250 100 169 50 50 1 1 250 35 0 100000 0.1 1 20 lin col uniform
250 100 169 50 50 1 1 250 37 0 100000 0.1 1 20 lin col uniform
250 100 169 50 50 1 1 250 40 0 100000 0.1 1 20 lin col uniform
250 100 169 50 50 1 1 250 42 0 100000 0.1 1 20 lin col uniform
250 100 169 50 50 1 1 250 45 0 100000 0.1 1 20 lin col uniform
250 100 169 50 50 1 1 250 47 0 100000 0.1 1 20 lin col uniform
250 100 169 50 50 1 1 250 50 0 100000 0.1 1 20 lin col uniform
250 100 182 37 37 1 1 250 0 0 100000 0.1 1 20 lin col uniform
250 100 182 37 37 1 1 250 1 0 100000 0.1 1 20 lin col uniform
250 100 182 37 37 1 1 250 3 0 100000 0.1 1 20 lin col uniform
250 100 182 37 37 1 1 250 5 0 100000 0.1 1 20 lin col uniform
250 100 182 37 37 1 1 250 7 0 100000 0.1 1 20 lin col uniform
250 100 182 37 37 1 1 250 9 0 100000 0.1 1 20 lin col uniform
250 100 182 37 37 1 1 250 11 0 100000 0.1 1 20 lin col uniform
250 100 182 37 37 1 1 250 12 0 100000 0.1 1 20 lin col uniform
250 100 182 37 37 1 1 250 14 0 100000 0.1 1 20 lin col uniform
250 100 182 37 37 1 1 250 16 0 100000 0.1 1 20 lin col uniform
250 100 182 37 37 1 1 250 18 0 100000 0.1 1 20 lin col uniform
250 100 182 37 37 1 1 250 20 0 100000 0.1 1 20 lin col uniform
250 100 182 37 37 1 1 250 22 0 100000 0.1 1 20 lin col uniform
250 100 182 37 37 1 1 250 24 0 100000 0.1 1 20 lin col uniform
250 100 182 37 37 1 1 250 25 0 100000 0.1 1 20 lin col uniform
250 100 182 37 37 1 1 250 27 0 100000 0.1 1 20 lin col uniform
250 100 182 37 37 1 1 250 29 0 100000 0.1 1 20 lin col uniform
250 100 182 37 37 1 1 250 31 0 100000 0.1 1 20 lin col uniform
250 100 182 37 37 1 1 250 33 0 100000 0.1 1 20 lin col uniform
250 100 182 37 37 1 1 250 35 0 100000 0.1 1 20 lin col uniform
250 100 182 37 37 1 1 250 37 0 100000 0.1 1 20 lin col uniform
250 100 192 27 27 1 1 250 0 0 100000 0.1 1 20 lin col uniform
250 100 192 27 27 1 1 250 1 0 100000 0.1 1 20 lin col uniform
250 100 192 27 27 1 1 250 2 0 100000 0.1 1 20 lin col uniform
250 100 192 27 27 1 1 250 4 0 100000 0.1 1 20 lin col uniform
250 100 192 27 27 1 1 250 5 0 100000 0.1 1 20 lin col uniform
250 100 192 27 27 1 1 250 6 0 100000 0.1 1 20 lin col uniform
250 100 192 27 27 1 1 250 8 0 100000 0.1 1 20 lin col uniform
250 100 192 27 27 1 1 250 9 0 100000 0.1 1 20 lin col uniform
250 100 192 27 27 1 1 250 10 0 100000 0.1 1 20 lin col uniform
250 100 192 27 27 1 1 250 12 0 100000 0.1 1 20 lin col uniform
250 100 192 27 27 1 1 250 13 0 100000 0.1 1 20 lin col uniform
250 100 192 27 27 1 1 250 14 0 100000 0.1 1 20 lin col uniform
250 100 192 27 27 1 1 250 16 0 100000 0.1 1 20 lin col uniform
250 100 192 27 27 1 1 250 17 0 100000 0.1 1 20 lin col uniform
250 100 192 27 27 1 1 250 18 0 100000 0.1 1 20 lin col uniform
250 100 192 27 27 1 1 250 20 0 100000 0.1 1 20 lin col uniform
250 100 192 27 27 1 1 250 21 0 100000 0.1 1 20 lin col uniform
250 100 192 27 27 1 1 250 22 0 100000 0.1 1 20 lin col uniform
250 100 192 27 27 1 1 250 24 0 100000 0.1 1 20 lin col uniform
250 100 192 27 27 1 1 250 25 0 100000 0.1 1 20 lin col uniform
250 100 192 27 27 1 1 250 27 0 100000 0.1 1 20 lin col uniform
250 100 199 20 20 1 1 250 0 0 100000 0.1 1 20 lin col uniform
250 100 199 20 20 1 1 250 1 0 100000 0.1 1 20 lin col uniform
250 100 199 20 20 1 1 250 2 0 100000 0.1 1 20 lin col uniform
250 100 199 20 20 1 1 250 3 0 100000 0.1 1 20 lin col uniform
250 100 199 20 20 1 1 250 4 0 100000 0.1 1 20 lin col uniform
250 100 199 20 20 1 1 250 5 0 100000 0.1 1 20 lin col uniform
250 100 199 20 20 1 1 250 6 0 100000 0.1 1 20 lin col uniform
250 100 199 20 20 1 1 250 7 0 100000 0.1 1 20 lin col uniform
250 100 199 20 20 1 1 250 8 0 100000 0.1 1 20 lin col uniform
250 100 199 20 20 1 1 250 9 0 100000 0.1 1 20 lin col uniform
250 100 199 20 20 1 1 250 10 0 100000 0.1 1 20 lin col uniform
250 100 199 20 20 1 1 250 11 0 100000 0.1 1 20 lin col uniform
250 100 199 20 20 1 1 250 12 0 100000 0.1 1 20 lin col uniform
250 100 199 20 20 1 1 250 13 0 100000 0.1 1 20 lin col uniform
250 100 199 20 20 1 1 250 14 0 100000 0.1 1 20 lin col uniform
250 100 199 20 20 1 1 250 15 0 100000 0.1 1 20 lin col uniform
250 100 199 20 20 1 1 250 16 0 100000 0.1 1 20 lin col uniform
250 100 199 20 20 1 1 250 17 0 100000 0.1 1 20 lin col uniform
250 100 199 20 20 1 1 250 18 0 100000 0.1 1 20 lin col uniform
250 100 199 20 20 1 1 250 19 0 100000 0.1 1 20 lin col uniform
250 100 199 20 20 1 1 250 20 0 100000 0.1 1 20 lin col uniform
